(75600, 
[96, 240, 360, 480, 600, 696, 1080, 1104, 1200, 1320, 1440, 1704, 1920, 2040, 2160, 
2280, 2496, 2760, 2880, 3000, 3096, 3120, 3504, 3600, 3720, 3840, 3960, 4104, 4296, 4440, 
4560, 4680, 4800, 4896, 5280, 5304, 5400, 5520, 5640, 5904, 6120, 6240, 6360, 6480, 6696, 
6960, 7080, 7200, 7296, 7320, 7704, 7800, 7920, 8040, 8160, 8304, 8496, 8640, 8760, 8880, 
9000, 9096, 9480, 9504, 9600, 9720, 9840, 10104, 10320, 10440, 10560, 10680, 10896, 11160, 11280, 
11400, 11496, 11520, 11904, 12000, 12120, 12240, 12360, 12504, 12696, 12840, 12960, 13080, 13200, 13296, 
13680, 13704, 13800, 13920, 14040, 14304, 14520, 14640, 14760, 14880, 15096, 15360, 15480, 15600, 15696, 
15720, 16104, 16200, 16320, 16440, 16560, 16704, 16896, 17040, 17160, 17280, 17400, 17496, 17880, 17904, 
18000, 18120, 18240, 18504, 18720, 18840, 18960, 19080, 19296, 19560, 19680, 19800, 19896, 19920, 20304, 
20400, 20520, 20640, 20760, 20904, 21096, 21240, 21360, 21480, 21600, 21696, 22080, 22104, 22200, 22320, 
22440, 22704, 22920, 23040, 23160, 23280, 23496, 23760, 23880, 24000, 24096, 24120, 24504, 24600, 24720, 
24840, 24960, 25104, 25296, 25440, 25560, 25680, 25800, 25896, 26280, 
26304, 26400, 26520, 26640, 26904, 27120, 27240, 27360, 27480, 27696, 27960, 28080, 28200, 28296, 28320, 28704, 28800, 28920, 29040, 29160, 29304, 29496, 29640, 29760, 29880, 30000, 30096, 30480, 30504, 30600, 30720, 30840, 31104, 31320, 31440, 31560, 31680, 31896, 32160, 32280, 32400, 32496, 32520, 32904, 33000, 33120, 33240, 33360, 33504, 33696, 33840, 33960, 34080, 34200, 34296, 34680, 34704, 34800, 34920, 35040, 35304, 35520, 35640, 35760, 35880, 36096, 36360, 36480, 36600, 36696, 36720, 37104, 37200, 37320, 37440, 37560, 37704, 37896, 38040, 38160, 38280, 38400, 38496, 38880, 38904, 39000, 39120, 39240, 39504, 39720, 39840, 39960, 40080, 40296, 40560, 40680, 40800, 40896, 40920, 41304, 41400, 41520, 41640, 41760, 41904, 42096, 42240, 42360, 42480, 42600, 42696, 43080, 43104, 43200, 43320, 43440, 
43704, 43920, 44040, 44160, 44280, 44496, 44760, 44880, 45000, 45096, 45120, 45504, 45600, 45720, 45840, 45960, 46104, 46296, 46440, 46560, 46680, 46800, 46896, 47280, 47304, 47400, 47520, 47640, 47904, 48120, 48240, 48360, 48480, 48696, 48960, 49080, 49200, 49296, 49320, 49704, 49800, 49920, 50040, 50160, 50304, 50496, 50640, 50760, 50880, 51000, 51096, 51480, 51504, 51600, 51720, 51840, 52104, 52320, 52440, 52560, 52680, 52896, 53160, 53280, 53400, 53496, 53520, 53904, 54000, 54120, 54240, 54360, 54504, 54696, 54840, 54960, 55080, 55200, 55296, 55680, 55704, 55800, 55920, 56040, 56304, 56520, 56640, 56760, 56880, 57096, 57360, 57480, 57600, 57696, 57720, 58104, 58200, 58320, 58440, 58560, 58704, 58896, 59040, 59160, 59280, 59400, 59496, 59880, 59904, 60000, 60120, 60240, 60504, 60720, 60840, 60960, 
61080, 61296, 61560, 61680, 61800, 61896, 61920, 62304, 62400, 62520, 62640, 62760, 62904, 63096, 63240, 63360, 63480, 63600, 63696, 64080, 64104, 64200, 64320, 64440, 64704, 64920, 65040, 65160, 65280, 65496, 65760, 65880, 66000, 66096, 66120, 66504, 66600, 66720, 66840, 66960, 67104, 67296, 67440, 67560, 67680, 67800, 67896, 68280, 68304, 68400, 68520, 68640, 68904, 69120, 69240, 69360, 69480, 69696, 69960, 70080, 70200, 70296, 70320, 70704, 70800, 70920, 71040, 71160, 71304, 71496, 71640, 71760, 71880, 72000, 72096, 72480, 72504, 72600, 72720, 72840, 73104, 73320, 73440, 73560, 73680, 73896, 74160, 74280, 74400, 74496, 74520, 74904, 75000, 75120, 75240, 75360, 75504])



(75600, [96, 240, 360, 480, 600, 696, 1080, 1104, 1200, 1320, 1440, 1704, 1920, 2040, 2160, 2280, 2496, 
2760, 2880, 3000, 3096, 
3120, 3504, 3600, 3720, 3840, 3960, 4104, 4296, 4440, 4560, 4680, 4800, 4896, 5280, 5304, 5400, 5520, 
5640, 5904, 6120, 6240, 6360, 6480, 6696, 6960, 7080, 7200, 7296, 7320, 7704, 7800, 7920, 8040, 8160, 8304, 
8496, 8640, 8760, 8880, 9000, 9096, 9480, 9504, 9600, 9720, 9840, 10104, 10320, 10440, 10560, 10680, 10896, 
11160, 11280, 11400, 11496, 11520, 11904, 12000, 12120, 12240, 12360, 12504, 12696, 12840, 12960, 13080, 
13200, 13296, 13680, 13704, 13800, 13920, 14040, 14304, 14520, 14640, 14760, 14880, 15096, 15360, 15480, 
15600, 15696, 15720, 16104, 16200, 16320, 16440, 16560, 16704, 16896, 17040, 17160, 17280, 17400, 17496, 
17880, 
17904, 18000, 18120, 18240, 18504, 18720, 18840, 18960, 19080, 19296, 19560, 19680, 19800, 19896, 19920, 
20304, 20400, 20520, 20640, 20760, 20904, 21096, 21240, 21360, 21480, 21600, 21696, 22080, 22104, 22200, 
22320, 22440, 22704, 22920, 23040, 23160, 23280, 23496, 23760, 23880, 24000, 24096, 24120, 24504, 24600, 
24720, 24840, 24960, 25104, 25296, 25440, 25560, 25680, 25800, 25896, 26280, 26304, 26400, 26520, 26640, 
26904, 27120, 27240, 27360, 27480, 27696, 27960, 28080, 28200, 28296, 28320, 28704, 28800, 28920, 29040, 
29160, 29304, 29496, 29640, 29760, 29880, 30000, 30096, 30480, 30504, 30600, 30720, 30840, 31104, 31320, 
31440, 31560, 31680, 31896, 32160, 32280, 32400, 32496, 32520, 32904, 33000, 33120, 33240, 33360, 33504, 
33696, 33840, 33960, 34080, 34200, 34296, 34680, 34704, 34800, 34920, 35040, 35304, 35520, 35640, 35760, 
35880, 36096, 36360, 36480, 36600, 36696, 36720, 37104, 
37200, 37320, 37440, 37560, 37704, 37896, 38040, 38160, 38280, 38400, 38496, 38880, 38904, 39000, 39120, 
39240, 39504, 39720, 39840, 39960, 40080, 40296, 40560, 40680, 40800, 40896, 40920, 41304, 41400, 41520, 
41640, 41760, 41904, 42096, 42240, 42360, 42480, 42600, 42696, 43080, 43104, 43200, 43320, 43440, 43704, 
43920, 44040, 44160, 44280, 44496, 44760, 44880, 45000, 45096, 45120, 45504, 45600, 45720, 45840, 45960, 
46104, 46296, 46440, 46560, 46680, 46800, 46896, 47280, 47304, 47400, 47520, 47640, 47904, 48120, 48240, 
48360, 48480, 48696, 48960, 49080, 49200, 49296, 49320, 49704, 49800, 49920, 50040, 50160, 50304, 50496, 
50640, 50760, 50880, 51000, 51096, 51480, 51504, 51600, 51720, 51840, 52104, 52320, 52440, 52560, 52680, 
52896, 53160, 53280, 53400, 53496, 53520, 53904, 54000, 54120, 54240, 54360, 54504, 54696, 54840, 54960, 
55080, 55200, 55296, 55680, 55704, 55800, 55920, 56040, 
56304, 56520, 56640, 56760, 56880, 57096, 57360, 57480, 57600, 57696, 57720, 58104, 58200, 58320, 58440, 
58560, 58704, 58896, 59040, 59160, 59280, 59400, 59496, 59880, 59904, 60000, 60120, 60240, 60504, 60720, 
60840, 60960, 61080, 61296, 61560, 61680, 61800, 61896, 61920, 62304, 62400, 62520, 62640, 62760, 62904, 
63096, 63240, 63360, 63480, 63600, 63696, 64080, 64104, 64200, 64320, 64440, 64704, 64920, 65040, 65160, 
65280, 65496, 65760, 65880, 66000, 66096, 66120, 66504, 66600, 66720, 66840, 66960, 67104, 67296, 67440, 
67560, 67680, 67800, 67896, 68280, 68304, 68400, 68520, 68640, 68904, 69120, 69240, 69360, 69480, 69696, 
69960, 70080, 70200, 70296, 70320, 70704, 70800, 70920, 71040, 71160, 71304, 71496, 71640, 71760, 71880, 
72000, 72096, 72480, 72504, 72600, 72720, 72840, 73104, 73320, 73440, 73560, 73680, 73896, 74160, 74280, 
74400, 74496, 74520, 74904, 75000, 75120, 75240, 75360, 
75504])