root 1/3
diffdict {5: [1, 4], 
11: [0, 2, 3, 8, 9], 
13: [3, 4, 6, 7, 9, 10], 
17: [3, 4, 5, 7, 10, 12, 13, 14], 
23: [0, 1, 3, 6, 7, 11, 12, 16, 17, 20, 22], 
37: [3, 5, 8, 9, 13, 14, 16, 17, 18, 19, 20, 21, 23, 24, 28, 29, 32, 34]}
factorsE: 2134567907.0 1234567891.0 p 2134567907 q 1234567891 mul 86 multiplier 10343905 add 10424186 nummuls 47497 47543 0.004591786177463927 

diffdict {3: [1, 2], 
5: [1, 4], 
7: [1, 3, 4, 6], 
11: [0, 2, 3, 8, 9], 
13: [3, 4, 6, 7, 9, 10], 
17: [3, 4, 5, 7, 10, 12, 13, 14], 
19: [2, 3, 6, 8, 9, 10, 11, 13, 16, 17]}
factorsO: 2134567907.0 1234567891.0 p 2134567907 q 1234567891 mul 185 multiplier 4849845 add 2778691 nummuls 19196 19204 0.003959714176432443

root 1/4

diffdict {5: [1, 4], 11: [0, 2, 3, 8, 9], 13: [3, 4, 6, 7, 9, 10], 17: [3, 4, 5, 7, 10, 12, 13, 14], 23: [0, 1, 3, 6, 7, 11, 12, 16, 17, 20, 22]}
factorsO: 2134567907.0 1234567891.0 p 2134567907 q 1234567891 mul 3219 multiplier 279565 add 80281 nummuls 2647 2633 0.009418203280095863

diffdict {3: [1, 2], 5: [1, 4], 7: [1, 3, 4, 6], 11: [0, 2, 3, 8, 9], 13: [3, 4, 6, 7, 9, 10], 17: [3, 4, 5, 7, 10, 12, 13, 14]}
factorsO: 2134567907.0 1234567891.0 p 2134567907 q 1234567891 mul 3525 multiplier 255255 add 226141 nummuls 1918 1922 0.007529725176784

diffdict {3: [0], 5: [1, 4], 7: [0, 3, 4], 13: [3, 4, 6, 7, 9, 10], 17: [1, 2, 3, 8, 9, 14, 15, 16], 23: [0, 2, 3, 4, 7, 8, 15, 16, 19, 20, 21]}
factorsE: 21345678929.0 12345678923.0 p 12345678923 q 21345678929 mul 16862 multiplier 533715 add 497676 nummuls 1584 1584 0.0029678761136561647

diffdict {3: [0], 5: [1, 4], 7: [0, 3, 4], 11: [3, 4, 5, 6, 7, 8], 13: [3, 4, 6, 7, 9, 10], 17: [1, 2, 3, 8, 9, 14, 15, 16]}
factorsE: 21345678929.0 12345678923.0 p 12345678923 q 21345678929 mul 35258 multiplier 255255 add 219216 nummuls 850 878 0.00333000333000333

diffdict {3: [0], 11: [0, 2, 3, 8, 9], 13: [1, 5, 6, 7, 8, 12], 23: [0, 2, 3, 5, 9, 10, 13, 14, 18, 20, 21], 29: [1, 2, 4, 9, 10, 13, 14, 15, 16, 
19, 20, 25, 27, 28], 31: [0, 2, 5, 6, 7, 8, 9, 13, 18, 22, 23, 24, 25, 26, 29]}
factorsE: 213456789127.0 123456789133.0 p 123456789133 q 213456789127 mul 10146 multiplier 8870433 add 586776 nummuls 34656 34644 0.003906911872284025

diffdict {3: [0], 5: [0, 1, 4], 7: [1, 2, 5, 6], 11: [0, 2, 3, 8, 9], 13: [1, 5, 6, 7, 8, 12], 17: [0, 2, 3, 4, 5, 12, 13, 14, 15], 19: [1, 3, 4, 
5, 8, 11, 14, 15, 16, 18]}
factorsO: 213456789127.0 123456789133.0 p 123456789133 q 213456789127 mul 18557 multiplier 4849845 add 1426329 nummuls 16197 16203 0.0033409315143061273

diffdict {3: [0], 5: [0, 1, 4], 7: [2, 3, 4, 5], 11: [1, 2, 4, 7, 9, 10], 13: [1, 4, 5, 8, 9, 12], 17: [0, 1, 4, 5, 7, 10, 12, 13, 16], 19: [0, 2, 3, 4, 6, 13, 15, 16, 17]}
combineddifflist 4849845
factorsE: 2134516789127.0 1234516789133.0 p 1234516789133 q 2134516789127 mul 185572 multiplier 4849845 add 4563654 nummuls 17489 17503 0.0036060946277664545


diffdict {3: [0], 
17: [3, 6, 7, 8, 9, 10, 11, 14], 
19: [0, 2, 3, 4, 6, 13, 15, 16, 17], 
23: [0, 1, 3, 6, 7, 11, 12, 16, 17, 20, 22], 
29: [2, 4, 6, 7, 8, 11, 13, 16, 18, 21, 22, 23, 25, 27], 
37: [1, 2, 8, 11, 13, 15, 16, 17, 18, 19, 20, 21, 22, 24, 26, 29, 35, 36], 
43: [0, 1, 3, 8, 9, 11, 13, 14, 15, 19, 21, 22, 24, 28, 29, 30, 32, 34, 35, 40, 42], 
59: [0, 3, 8, 9, 10, 14, 16, 17, 18, 20, 21, 22, 23, 27, 29, 30, 32, 36, 37, 38, 39, 41, 42, 43, 45, 49, 50, 51, 56], 
73: [2, 4, 5, 7, 12, 13, 15, 17, 21, 22, 23, 25, 26, 27, 28, 29, 30, 35, 38, 43, 44, 45, 46, 47, 48, 50, 51, 52, 56, 58, 60, 61, 66, 68, 69, 71], 
79: [0, 1, 2, 4, 5, 6, 7, 8, 10, 13, 14, 21, 25, 26, 28, 29, 31, 34, 36, 38, 41, 43, 45, 48, 50, 51, 53, 54, 58, 65, 66, 69, 71, 72, 73, 74, 75, 77, 78], 
83: [0, 5, 7, 9, 12, 13, 14, 17, 18, 20, 21, 23, 24, 28, 29, 30, 31, 33, 39, 40, 41, 42, 43, 44, 50, 52, 53, 54, 55, 59, 60, 62, 63, 65, 66, 69, 70, 71, 74, 76, 78], 
103: [0, 2, 5, 6, 7, 8, 9, 14, 16, 18, 19, 20, 21, 23, 24, 26, 27, 28, 30, 34, 36, 37, 42, 43, 45, 49, 54, 58, 60, 61, 66, 67, 69, 73, 75, 76, 77, 79, 80, 82, 83, 84, 85, 87, 89, 94, 95, 96, 97, 98, 101], 
107: [0, 1, 4, 12, 13, 15, 17, 18, 20, 21, 23, 24, 26, 27, 31, 33, 35, 36, 38, 42, 43, 44, 45, 48, 49, 52, 53, 54, 55, 58, 59, 62, 63, 64, 65, 69, 71, 72, 74, 76, 80, 81, 83, 84, 86, 87, 89, 90, 92, 94, 95, 103, 106], 
109: [3, 5, 7, 8, 9, 10, 16, 18, 19, 23, 26, 28, 29, 31, 32, 34, 37, 38, 41, 43, 45, 46, 48, 49, 50, 53, 54, 55, 56, 59, 60, 61, 63, 64, 66, 68, 71, 72, 75, 77, 78, 80, 81, 83, 86, 90, 91, 93, 99, 100, 101, 102, 104, 106], 
127: [0, 1, 3, 5, 7, 13, 14, 15, 18, 22, 23, 29, 30, 31, 32, 33, 36, 38, 39, 40, 41, 43, 44, 46, 49, 53, 54, 55, 56, 58, 60, 62, 65, 67, 69, 71, 72, 73, 74, 78, 81, 83, 84, 86, 87, 88, 89, 91, 94, 95, 96, 97, 98, 104, 105, 109, 112, 113, 114, 120, 122, 124, 126], 
139: [0, 2, 4, 5, 6, 14, 17, 18, 20, 23, 24, 25, 26, 29, 31, 33, 35, 36, 37, 38, 39, 40, 43, 48, 49, 50, 53, 54, 58, 61, 62, 63, 65, 68, 69, 70, 71, 74, 76, 77, 78, 81, 85, 86, 89, 90, 91, 96, 99, 100, 101, 102, 103, 104, 106, 108, 110, 113, 114, 115, 116, 119, 121, 122, 125, 133, 134, 135, 137]}


diffdict {3: [0], 
5: [0, 2, 3], 
7: [1, 2, 5, 6], 
11: [3, 4, 5, 6, 7, 8], 
13: [0, 1, 2, 4, 9, 11, 12], 
17: [3, 6, 7, 8, 9, 10, 11, 14], 
19: [0, 2, 3, 4, 6, 13, 15, 16, 17], 
23: [0, 1, 3, 6, 7, 11, 12, 16, 17, 20, 22], 
29: [2, 4, 6, 7, 8, 11, 13, 16, 18, 21, 22, 23, 25, 27], 
31: [1, 2, 4, 5, 6, 7, 12, 14, 17, 19, 24, 25, 26, 27, 29, 30], 
37: [1, 2, 8, 11, 13, 15, 16, 17, 18, 19, 20, 21, 22, 24, 26, 29, 35, 36], 
41: [0, 1, 3, 4, 6, 8, 9, 14, 18, 19, 20, 21, 22, 23, 27, 32, 33, 35, 37, 38, 40], 
43: [0, 1, 3, 8, 9, 11, 13, 14, 15, 19, 21, 22, 24, 28, 29, 30, 32, 34, 35, 40, 42], 
47: [1, 3, 9, 10, 11, 14, 17, 18, 20, 21, 22, 23, 24, 25, 26, 27, 29, 30, 33, 36, 37, 38, 44, 46], 
53: [0, 1, 2, 3, 4, 5, 8, 10, 12, 13, 18, 21, 23, 24, 29, 30, 32, 35, 40, 41, 43, 45, 48, 49, 50, 51, 52], 
59: [0, 3, 8, 9, 10, 14, 16, 17, 18, 20, 21, 22, 23, 27, 29, 30, 32, 36, 37, 38, 39, 41, 42, 43, 45, 49, 50, 51, 56], 
61: [0, 1, 3, 6, 10, 11, 14, 18, 19, 20, 21, 23, 24, 25, 26, 29, 32, 35, 36, 37, 38, 40, 41, 42, 43, 47, 50, 51, 55, 58, 60], 
67: [1, 5, 7, 10, 11, 14, 16, 17, 18, 19, 21, 22, 25, 26, 27, 28, 29, 38, 39, 40, 41, 42, 45, 46, 48, 49, 50, 51, 53, 56, 57, 60, 62, 66], 
71: [1, 5, 6, 7, 8, 9, 10, 12, 13, 14, 16, 18, 23, 28, 29, 30, 32, 33, 38, 39, 41, 42, 43, 48, 53, 55, 57, 58, 59, 61, 62, 63, 64, 65, 66, 70]} 